================================================
       4-BIT UNIVERSAL SHIFT REGISTER TEST
================================================
Time    Reset   Mode    Parallel    SerialL SerialR Q
------------------------------------------------
0       1       00      0000        0       0       0000
12000   0       00      0000        0       0       0000

15000   0       11      1010        0       0       1010

25000   0       00      1010        0       0       1010

35000   0       01      1010        0       1       1101

45000   0       01      1010        0       0       0110

55000   0       10      1010        1       0       1101

65000   0       10      1010        0       0       1010

------------------------------------------------
Simulation completed successfully.